0 3308
0 3309
0 3310
0 3311
0 3312
0 3313
0 3314
0 21397
0 25650
0 25653
1 7786
1 7810
1 7811
1 7828
1 10167
1 11284
1 13599
1 13600
1 13601
2 7935
2 7936
2 7937
2 7938
2 7939
2 7940
2 7941
2 7942
2 7943
2 7944
2 7945
2 7946
2 7947
3 7935
3 7936
3 7937
3 7938
3 7939
3 7940
3 7941
3 7942
3 7943
3 7944
3 7945
3 7946
3 7947
4 7935
4 7936
4 7937
4 7938
4 7939
4 7940
4 7941
4 7942
4 7943
4 7944
4 7945
4 7946
4 7947
5 7935
5 7936
5 7937
5 7938
5 7939
5 7940
5 7941
5 7942
5 7943
5 7944
5 7945
5 7946
5 7947
6 655
6 841
6 874
6 3643
6 5022
6 5023
6 5151
6 5152
6 6004
6 9522
6 12314
6 19295
6 19299
6 21920
6 26494
6 26495
6 26496
6 26497
6 26498
6 26499
6 26500
6 26501
6 26502
7 3624
7 3625
8 20526
8 20527
8 20528
8 20529
8 20530
9 3956
9 3957
9 3958
9 3959
9 3960
9 3961
9 3962
9 28426
10 14681
10 14682
10 28438
11 8616
11 8617
11 8618
11 10583
12 10385
12 10386
12 21281
12 21942
12 22775
13 6777
13 11799
13 14156
13 19634
13 19635
13 19636
13 19637
13 19638
13 19639
13 19640
13 19641
13 19642
13 19643
13 19644
13 19645
13 19646
13 19647
13 19648
13 19649
13 19650
13 19651
13 19652
13 19653
13 19654
13 19655
13 19656
13 20976
13 20977
13 21717
13 26860
13 30371
13 30736
14 1348
14 1727
14 5374
14 8757
14 17388
14 20032
14 22600
14 25814
14 26802
14 26803
14 26848
14 26873
14 27408
14 27409
14 27523
14 28235
14 28236
14 28237
14 28238
14 28239
14 28240
14 28241
14 28242
14 28243
14 28244
14 28245
14 28246
14 28247
14 28248
14 28249
14 28250
14 28251
14 28252
14 28253
14 28254
14 28255
14 28256
14 28257
15 1648
15 2085
15 3489
15 4325
15 4435
15 7077
15 7078
15 7079
15 7080
15 7081
15 7082
15 7083
15 7084
15 7085
15 7086
15 7087
15 7088
15 7089
15 7090
15 7091
15 7092
15 7093
15 7094
15 7095
15 7096
15 7097
15 7098
15 7099
15 7100
15 7101
15 7102
15 7103
15 7104
15 7105
15 7106
15 7107
15 7108
15 7109
15 7110
15 7111
15 7112
15 7113
15 7114
15 7115
15 7116
15 7117
15 7118
15 7119
15 7120
15 7121
15 7122
15 7123
15 7124
15 7125
15 7126
15 7127
15 7128
15 7129
15 7130
15 7131
15 7132
15 7133
15 7134
15 7135
15 7136
15 7137
15 7138
15 7139
15 7140
15 7141
15 7142
15 7143
15 7144
15 7145
15 7146
15 7147
15 7148
15 7149
15 7150
15 7151
15 7152
15 7153
15 7154
15 7155
15 7156
15 7157
15 7158
15 7159
15 7160
15 7161
15 7162
15 7163
15 7164
15 7165
15 7166
15 7167
15 7168
15 7169
15 7170
15 7171
15 7172
15 7173
15 7174
15 7175
15 7176
15 7177
15 7178
15 7179
15 7180
15 7181
15 7182
15 7183
15 7184
15 7185
15 7186
15 7187
15 7188
15 7189
15 7190
15 7191
15 7192
15 7193
15 7194
15 7195
15 7196
15 7197
15 7198
15 7199
15 7200
15 7201
15 7202
15 7203
15 7204
15 7205
15 7206
15 7207
15 7208
15 7209
15 7210
15 7211
15 7212
15 8062
15 10131
15 11175
15 11176
15 11506
15 11515
15 11763
15 12942
15 12994
15 13367
15 13919
15 14447
15 14474
15 14475
15 14476
15 17752
15 21506
15 21680
15 21702
15 21779
15 21780
15 22549
15 23330
15 24061
15 24121
15 25088
15 25089
15 25656
15 25657
15 28342
15 28347
15 28389
15 28390
15 29194
15 30245
15 30246
15 30247
15 30631
15 30632
15 32105
16 13801
16 13802
16 13803
16 28673
17 19991
18 2320
18 5782
18 7031
18 8074
18 8707
18 9292
18 10247
18 10253
18 12239
18 13056
18 13463
18 14566
18 14612
18 14615
18 15470
18 15479
18 15705
18 17722
18 17729
18 21513
18 23473
18 23501
18 23931
18 23932
18 23933
18 23934
18 23935
18 23936
18 23937
18 23938
18 23939
18 23940
18 23941
18 23942
18 23943
18 23944
18 30783
18 31652
19 594
19 2717
19 3310
19 3313
19 3726
19 7169
19 7207
19 7906
19 10170
19 11169
19 11181
19 14610
19 14614
19 14615
19 15829
19 17769
19 21026
19 21031
19 21730
19 23476
19 23498
19 23504
19 23511
19 23577
19 24146
19 25647
19 25648
19 25649
19 25650
19 25651
19 25652
19 25653
19 25654
19 25655
19 25656
19 25657
19 25658
19 25659
19 25660
19 25661
19 25662
19 25663
19 25664
19 25665
19 25666
19 25667
19 25668
19 25669
19 25670
19 25671
19 25672
19 25673
19 25674
19 25675
19 25676
19 25677
19 25678
19 25679
19 25680
19 25681
19 25682
19 25683
19 26825
19 26881
19 28338
19 28375
19 28387
19 28400
19 28406
19 28411
19 30253
19 30796
19 32687
19 32801
19 32802
